# kurucz.dat
#
# This file stores the solar irradiance from K. Chance and R.L. Kurucz.
#
# Column 1: wavelength in nm
# Column 2: TOA solar irradiance in W m-2 nm-1
#
 300  0.5140
 301  0.7500
 302  0.5290
 303  0.7670
 304  0.6850
 305  0.7700
 306  0.6610
 307  0.7210
 308  0.7570
 309  0.6920
 310  0.5670
 311  0.9850
 312  0.7120
 313  0.7970
 314  0.7830
 315  0.7960
 316  0.5970
 317  0.8060
 318  0.7450
 319  0.7250
 320  0.7980
 321  0.7960
 322  0.7730
 323  0.6210
 324  0.7170
 325  0.8710
 326  1.0900
 327  1.0800
 328  0.9690
 329  1.0300
 330  1.0700
 331  0.9200
 332  0.9580
 333  1.0800
 334  0.9330
 335  0.9700
 336  0.7250
 337  0.7100
 338  0.8590
 339  0.8570
 340  0.9810
 341  0.8220
 342  0.8610
 343  0.8690
 344  0.7950
 345  1.0100
 346  1.1200
 347  1.0700
 348  1.0100
 349  1.1100
 350  1.1400
 351  1.0800
 352  1.1200
 353  1.0200
 354  1.1800
 355  1.2000
 356  1.1400
 357  0.7290
 358  0.7950
 359  0.8020
 360  1.1900
 361  0.9460
 362  1.0400
 363  1.1100
 364  1.1000
 365  1.0400
 366  1.4300
 367  1.2800
 368  1.2100
 369  1.1600
 370  1.3400
 371  1.0700
 372  1.1300
 373  1.1300
 374  0.8770
 375  0.8040
 376  1.1500
 377  1.1800
 378  1.5300
 379  1.1800
 380  1.1100
 381  1.2400
 382  0.9260
 383  0.6440
 384  0.7080
 385  1.0600
 386  0.8250
 387  0.9450
 388  0.9350
 389  1.0600
 390  1.2900
 391  1.4300
 392  1.2700
 393  0.6800
 394  0.7500
 395  1.2600
 396  1.2900
 397  0.5230
 398  1.4600
 399  1.7500
 400  1.7100
 401  1.7000
 402  1.7900
 403  1.6700
 404  1.7900
 405  1.6400
 406  1.6200
 407  1.5700
 408  1.7000
 409  1.8700
 410  1.5600
 411  1.8300
 412  1.8800
 413  1.7700
 414  1.7400
 415  1.8500
 416  1.8300
 417  1.7700
 418  1.7200
 419  1.7600
 420  1.4900
 421  1.8600
 422  1.7700
 423  1.4900
 424  1.6400
 425  1.6900
 426  1.6200
 427  1.5500
 428  1.5700
 429  1.4200
 430  1.1300
 431  1.0200
 432  1.8200
 433  1.6200
 434  1.5400
 435  1.6700
 436  1.8400
 437  1.8600
 438  1.6600
 439  1.6000
 440  1.7900
 441  1.7800
 442  1.8700
 443  1.8800
 444  1.8600
 445  1.9600
 446  1.7400
 447  1.9800
 448  2.0000
 449  2.0100
 450  2.0500
 451  2.2100
 452  2.0500
 453  1.9000
 454  2.0200
 455  2.0300
 456  2.0800
 457  2.0900
 458  2.0500
 459  2.0400
 460  2.0200
 461  2.0900
 462  2.0500
 463  2.0500
 464  2.0500
 465  2.0200
 466  2.0800
 467  2.0000
 468  2.1100
 469  2.0900
 470  2.0600
 471  2.0500
 472  2.0800
 473  2.0500
 474  2.0700
 475  2.1500
 476  2.0900
 477  2.0700
 478  2.1600
 479  2.0600
 480  2.0900
 481  2.0700
 482  2.1100
 483  2.1100
 484  2.0200
 485  2.0300
 486  1.6500
 487  1.8500
 488  2.0000
 489  1.8600
 490  2.1100
 491  1.9700
 492  1.8900
 493  2.0300
 494  1.9600
 495  2.1000
 496  2.0400
 497  1.9800
 498  1.9300
 499  1.9200
 500  1.9100
 501  1.8700
 502  1.8600
 503  1.9700
 504  1.8300
 505  1.9700
 506  2.1100
 507  1.9600
 508  1.8700
 509  2.0200
 510  1.9500
 511  1.9500
 512  2.0500
 513  1.8700
 514  1.8300
 515  1.8600
 516  1.9600
 517  1.4400
 518  1.7800
 519  1.6900
 520  1.8600
 521  1.8600
 522  1.9300
 523  1.8000
 524  1.9500
 525  1.9300
 526  1.8400
 527  1.6100
 528  1.9300
 529  1.9800
 530  1.8700
 531  2.0400
 532  1.9400
 533  1.7100
 534  1.8500
 535  1.8900
 536  2.0000
 537  1.8600
 538  1.9400
 539  1.9300
 540  1.8900
 541  1.7300
 542  1.9300
 543  1.8500
 544  1.9500
 545  1.9200
 546  1.8700
 547  1.9500
 548  1.8100
 549  1.9000
 550  1.8600
 551  1.8500
 552  1.9300
 553  1.8500
 554  1.9200
 555  1.9200
 556  1.8700
 557  1.8100
 558  1.8800
 559  1.7800
 560  1.7900
 561  1.9700
 562  1.8100
 563  1.8900
 564  1.8700
 565  1.8900
 566  1.7400
 567  1.8700
 568  1.8700
 569  1.8500
 570  1.8600
 571  1.7800
 572  1.9000
 573  1.9100
 574  1.9000
 575  1.8600
 576  1.8200
 577  1.9000
 578  1.8400
 579  1.8200
 580  1.8800
 581  1.8400
 582  1.8700
 583  1.8800
 584  1.8700
 585  1.8600
 586  1.7800
 587  1.8500
 588  1.8500
 589  1.6600
 590  1.7400
 591  1.8300
 592  1.8000
 593  1.8000
 594  1.8200
 595  1.8000
 596  1.8200
 597  1.8300
 598  1.7900
 599  1.7900
 600  1.7800
 601  1.7700
 602  1.7500
 603  1.7600
 604  1.8100
 605  1.8000
 606  1.7800
 607  1.7700
 608  1.7600
 609  1.7400
 610  1.7200
 611  1.7400
 612  1.7200
 613  1.6900
 614  1.6300
 615  1.7100
 616  1.6200
 617  1.6300
 618  1.7100
 619  1.6900
 620  1.7200
 621  1.7500
 622  1.6500
 623  1.6700
 624  1.6700
 625  1.6200
 626  1.6300
 627  1.6700
 628  1.6900
 629  1.7000
 630  1.6400
 631  1.6900
 632  1.5800
 633  1.6800
 634  1.6300
 635  1.6600
 636  1.5900
 637  1.6400
 638  1.6700
 639  1.6500
 640  1.6000
 641  1.6200
 642  1.6000
 643  1.6200
 644  1.6100
 645  1.6200
 646  1.5700
 647  1.6000
 648  1.6100
 649  1.6300
 650  1.4900
 651  1.6100
 652  1.5900
 653  1.6100
 654  1.5900
 655  1.5500
 656  1.3100
 657  1.4000
 658  1.5500
 659  1.5500
 660  1.5600
 661  1.5700
 662  1.5900
 663  1.5700
 664  1.5400
 665  1.5500
 666  1.5600
 667  1.5300
 668  1.5400
 669  1.5600
 670  1.5400
 671  1.5200
 672  1.5200
 673  1.5300
 674  1.5300
 675  1.5100
 676  1.5300
 677  1.5000
 678  1.5300
 679  1.5100
 680  1.4900
 681  1.5000
 682  1.4900
 683  1.5000
 684  1.4800
 685  1.4900
 686  1.4300
 687  1.5000
 688  1.4800
 689  1.4900
 690  1.4800
 691  1.4700
 692  1.4500
 693  1.4600
 694  1.4700
 695  1.4400
 696  1.4500
 697  1.4500
 698  1.4200
 699  1.4600
 700  1.4400
 701  1.4100
 702  1.4000
 703  1.4100
 704  1.4200
 705  1.4300
 706  1.4100
 707  1.3900
 708  1.4300
 709  1.3800
 710  1.4100
 711  1.4000
 712  1.3800
 713  1.3700
 714  1.4000
 715  1.3500
 716  1.3800
 717  1.3500
 718  1.3500
 719  1.3300
 720  1.3400
 721  1.3400
 722  1.3500
 723  1.3500
 724  1.3600
 725  1.3500
 726  1.3400
 727  1.3600
 728  1.3400
 729  1.2900
 730  1.3300
 731  1.3100
 732  1.3300
 733  1.3100
 734  1.3400
 735  1.3300
 736  1.3000
 737  1.3200
 738  1.3200
 739  1.2700
 740  1.2800
 741  1.2700
 742  1.2500
 743  1.2900
 744  1.3000
 745  1.2700
 746  1.2800
 747  1.3000
 748  1.2800
 749  1.2800
 750  1.2600
 751  1.2600
 752  1.2800
 753  1.2600
 754  1.2800
 755  1.2800
 756  1.2500
 757  1.2600
 758  1.2600
 759  1.2400
 760  1.2500
 761  1.2500
 762  1.2200
 763  1.2500
 764  1.2600
 765  1.2600
 766  1.1800
 767  1.1900
 768  1.2300
 769  1.2300
 770  1.2100
 771  1.2100
 772  1.2100
 773  1.2000
 774  1.2200
 775  1.1700
 776  1.2200
 777  1.2100
 778  1.2000
 779  1.2100
 780  1.1900
 781  1.1900
 782  1.2000
 783  1.1800
 784  1.1800
 785  1.1900
 786  1.1700
 787  1.1900
 788  1.1700
 789  1.1800
 790  1.1700
 791  1.1600
 792  1.1400
 793  1.1400
 794  1.1300
 795  1.1200
 796  1.1500
 797  1.1500
 798  1.1500
 799  1.1500
 800  1.1200
 801  1.1400
 802  1.1400
 803  1.1200
 804  1.1300
 805  1.1000
 806  1.1300
 807  1.1200
 808  1.1200
 809  1.1000
 810  1.0900
 811  1.1100
 812  1.1100
 813  1.1100
 814  1.1100
 815  1.1000
 816  1.1000
 817  1.1000
 818  1.1000
 819  1.0600
 820  1.0400
 821  1.0700
 822  1.0400
 823  1.0700
 824  1.0800
 825  1.0700
 826  1.0800
 827  1.0700
 828  1.0800
 829  1.0700
 830  1.0600
 831  1.0400
 832  1.0600
 833  1.0200
 834  1.0400
 835  1.0400
 836  1.0500
 837  1.0400
 838  1.0400
 839  1.0100
 840  1.0400
 841  1.0400
 842  1.0300
 843  1.0200
 844  1.0100
 845  1.0200
 846  1.0300
 847  0.9930
 848  1.0200
 849  1.0300
 850  0.8870
 851  1.0200
 852  0.9780
 853  0.9880
 854  0.7950
 855  0.8740
 856  0.9900
 857  1.0100
 858  0.9890
 859  0.9880
 860  0.9780
 861  0.9780
 862  0.9750
 863  0.9930
 864  0.9910
 865  0.9730
 866  0.8160
 867  0.8690
 868  0.9420
 869  0.9290
 870  0.9670
 871  0.9660
 872  0.9620
 873  0.9660
 874  0.9450
 875  0.9360
 876  0.9440
 877  0.9630
 878  0.9470
 879  0.9500
 880  0.9450
 881  0.8960
 882  0.9460
 883  0.9240
 884  0.9320
 885  0.9420
 886  0.9130
 887  0.9030
 888  0.9300
 889  0.9360
 890  0.9340
 891  0.9300
 892  0.9300
 893  0.9010
 894  0.9340
 895  0.8940
 896  0.9310
 897  0.9100
 898  0.9120
 899  0.9130
 900  0.8900
 901  0.8710
 902  0.8550
 903  0.8990
 904  0.9100
 905  0.9080
 906  0.8840
 907  0.9010
 908  0.8770
 909  0.8620
 910  0.8730
 911  0.8700
 912  0.8720
 913  0.8940
 914  0.8870
 915  0.8710
 916  0.8810
 917  0.8670
 918  0.8630
 919  0.8730
 920  0.8640
 921  0.8450
 922  0.8370
 923  0.8020
 924  0.8370
 925  0.8480
 926  0.8180
 927  0.8490
 928  0.8550
 929  0.8450
 930  0.8450
 931  0.8470
 932  0.8420
 933  0.8480
 934  0.8440
 935  0.8320
 936  0.8240
 937  0.8430
 938  0.8300
 939  0.8290
 940  0.8240
 941  0.8060
 942  0.7780
 943  0.8240
 944  0.8020
 945  0.8080
 946  0.8180
 947  0.8120
 948  0.8160
 949  0.8190
 950  0.8130
 951  0.8070
 952  0.8090
 953  0.8050
 954  0.7960
 955  0.7450
 956  0.7950
 957  0.7910
 958  0.7970
 959  0.8010
 960  0.7930
 961  0.7850
 962  0.7890
 963  0.7850
 964  0.7760
 965  0.7860
 966  0.7630
 967  0.7850
 968  0.7740
 969  0.7780
 970  0.7800
 971  0.7730
 972  0.7790
 973  0.7720
 974  0.7610
 975  0.7650
 976  0.7740
 977  0.7540
 978  0.7720
 979  0.7500
 980  0.7600
 981  0.7650
 982  0.7630
 983  0.7610
 984  0.7550
 985  0.7550
 986  0.7480
 987  0.7570
 988  0.7470
 989  0.7380
 990  0.7440
 991  0.7500
 992  0.7430
 993  0.7430
 994  0.7470
 995  0.7410
 996  0.7410
 997  0.7420
 998  0.7390
 999  0.7370
1000  0.7310
1001  0.7360
1002  0.7350
1003  0.7260
1004  0.7200
1005  0.6720
1006  0.7080
1007  0.7210
1008  0.7240
1009  0.7200
1010  0.7230
1011  0.7180
1012  0.7180
1013  0.7130
1014  0.7170
1015  0.7040
1016  0.7090
1017  0.7010
1018  0.7110
1019  0.6950
1020  0.6930
1021  0.7000
1022  0.6900
1023  0.7030
1024  0.7000
1025  0.6990
1026  0.7000
1027  0.6960
1028  0.6970
1029  0.6860
1030  0.6930
1031  0.6900
1032  0.6880
1033  0.6750
1034  0.6820
1035  0.6750
1036  0.6840
1037  0.6690
1038  0.6760
1039  0.6790
1040  0.6710
1041  0.6750
1042  0.6770
1043  0.6650
1044  0.6720
1045  0.6690
1046  0.6500
1047  0.6620
1048  0.6690
1049  0.6650
1050  0.6610
1051  0.6610
1052  0.6590
1053  0.6590
1054  0.6520
1055  0.6580
1056  0.6560
1057  0.6560
1058  0.6500
1059  0.6300
1060  0.6520
1061  0.6290
1062  0.6470
1063  0.6370
1064  0.6460
1065  0.6460
1066  0.6260
1067  0.6410
1068  0.6400
1069  0.5920
1070  0.6270
1071  0.6280
1072  0.6310
1073  0.6100
1074  0.6310
1075  0.6110
1076  0.6250
1077  0.6240
1078  0.6270
1079  0.6030
1080  0.6230
1081  0.6000
1082  0.6070
1083  0.5910
1084  0.6150
1085  0.6100
1086  0.6170
1087  0.5760
1088  0.6110
1089  0.5920
1090  0.6050
1091  0.6090
1092  0.5960
1093  0.5930
1094  0.5410
1095  0.5860
1096  0.5830
1097  0.5760
1098  0.5760
1099  0.5820
1100  0.5920
1101  0.5900
1102  0.5650
1103  0.5870
1104  0.5840
1105  0.5850
1106  0.5820
1107  0.5800
1108  0.5780
1109  0.5790
1110  0.5820
1111  0.5750
1112  0.5710
1113  0.5700
1114  0.5770
1115  0.5730
1116  0.5660
1117  0.5750
1118  0.5730
1119  0.5580
1120  0.5620
1121  0.5660
1122  0.5660
1123  0.5670
1124  0.5670
1125  0.5560
1126  0.5450
1127  0.5630
1128  0.5530
1129  0.5540
1130  0.5500
1131  0.5540
1132  0.5570
1133  0.5470
1134  0.5490
1135  0.5550
1136  0.5490
1137  0.5540
1138  0.5320
1139  0.5430
1140  0.5450
1141  0.5310
1142  0.5450
1143  0.5370
1144  0.5350
1145  0.5400
1146  0.5450
1147  0.5460
1148  0.5390
1149  0.5410
1150  0.5380
1151  0.5360
1152  0.5350
1153  0.5330
1154  0.5360
1155  0.5380
1156  0.5300
1157  0.5330
1158  0.5320
1159  0.5240
1160  0.5170
1161  0.5060
1162  0.5230
1163  0.5250
1164  0.5140
1165  0.5240
1166  0.5110
1167  0.5190
1168  0.5230
1169  0.5050
1170  0.5190
1171  0.5210
1172  0.5190
1173  0.5160
1174  0.5160
1175  0.5100
1176  0.4970
1177  0.5130
1178  0.5040
1179  0.5020
1180  0.5090
1181  0.5070
1182  0.5080
1183  0.4780
1184  0.5000
1185  0.5060
1186  0.5030
1187  0.5040
1188  0.5010
1189  0.4720
1190  0.4940
1191  0.5020
1192  0.4990
1193  0.4990
1194  0.4980
1195  0.4930
1196  0.4920
1197  0.4920
1198  0.4760
1199  0.4580
1200  0.4870
1201  0.4910
1202  0.4920
1203  0.4690
1204  0.4770
1205  0.4880
1206  0.4840
1207  0.4870
1208  0.4800
1209  0.4500
1210  0.4810
1211  0.4650
1212  0.4800
1213  0.4810
1214  0.4790
1215  0.4810
1216  0.4790
1217  0.4780
1218  0.4770
1219  0.4730
1220  0.4760
1221  0.4750
1222  0.4720
1223  0.4700
1224  0.4730
1225  0.4700
1226  0.4710
1227  0.4550
1228  0.4690
1229  0.4680
1230  0.4660
1231  0.4660
1232  0.4600
1233  0.4640
1234  0.4620
1235  0.4590
1236  0.4620
1237  0.4610
1238  0.4610
1239  0.4560
1240  0.4540
1241  0.4580
1242  0.4560
1243  0.4510
1244  0.4470
1245  0.4550
1246  0.4510
1247  0.4490
1248  0.4530
1249  0.4520
1250  0.4500
1251  0.4480
1252  0.4470
1253  0.4430
1254  0.4450
1255  0.4450
1256  0.4440
1257  0.4400
1258  0.4430
1259  0.4400
1260  0.4410
1261  0.4420
1262  0.4340
1263  0.4400
1264  0.4340
1265  0.4350
1266  0.4390
1267  0.4310
1268  0.4280
1269  0.4330
1270  0.4340
1271  0.4350
1272  0.4320
1273  0.4310
1274  0.4280
1275  0.4300
1276  0.4300
1277  0.4300
1278  0.4280
1279  0.4240
1280  0.4220
1281  0.4090
1282  0.3630
1283  0.3980
1284  0.4150
1285  0.4170
1286  0.4170
1287  0.4200
1288  0.4170
1289  0.4200
1290  0.4100
1291  0.4160
1292  0.4170
1293  0.4180
1294  0.4110
1295  0.4150
1296  0.4160
1297  0.4130
1298  0.4100
1299  0.4140
1300  0.4120
1301  0.4110
1302  0.4060
1303  0.4040
1304  0.4050
1305  0.4070
1306  0.4070
1307  0.4060
1308  0.4060
1309  0.4060
1310  0.4040
1311  0.4030
1312  0.4020
1313  0.3870
1314  0.4000
1315  0.3870
1316  0.3950
1317  0.4000
1318  0.3940
1319  0.4000
1320  0.3980
1321  0.3960
1322  0.3950
1323  0.3950
1324  0.3950
1325  0.3940
1326  0.3930
1327  0.3900
1328  0.3920
1329  0.3800
1330  0.3870
1331  0.3890
1332  0.3800
1333  0.3900
1334  0.3890
1335  0.3890
1336  0.3850
1337  0.3860
1338  0.3850
1339  0.3810
1340  0.3780
1341  0.3830
1342  0.3820
1343  0.3830
1344  0.3820
1345  0.3820
1346  0.3780
1347  0.3810
1348  0.3790
1349  0.3780
1350  0.3740
1351  0.3740
1352  0.3780
1353  0.3770
1354  0.3750
1355  0.3710
1356  0.3700
1357  0.3660
1358  0.3720
1359  0.3710
1360  0.3650
1361  0.3720
1362  0.3700
1363  0.3630
1364  0.3680
1365  0.3670
1366  0.3670
1367  0.3630
1368  0.3670
1369  0.3600
1370  0.3600
1371  0.3600
1372  0.3650
1373  0.3640
1374  0.3650
1375  0.3580
1376  0.3540
1377  0.3590
1378  0.3570
1379  0.3620
1380  0.3580
1381  0.3590
1382  0.3530
1383  0.3570
1384  0.3570
1385  0.3530
1386  0.3570
1387  0.3520
1388  0.3550
1389  0.3560
1390  0.3490
1391  0.3540
1392  0.3530
1393  0.3520
1394  0.3480
1395  0.3480
1396  0.3510
1397  0.3500
1398  0.3500
1399  0.3490
1400  0.3400
1401  0.3410
1402  0.3460
1403  0.3430
1404  0.3420
1405  0.3420
1406  0.3430
1407  0.3430
1408  0.3410
1409  0.3430
1410  0.3410
1411  0.3410
1412  0.3280
1413  0.3330
1414  0.3380
1415  0.3370
1416  0.3350
1417  0.3380
1418  0.3380
1419  0.3330
1420  0.3320
1421  0.3360
1422  0.3280
1423  0.3250
1424  0.3260
1425  0.3330
1426  0.3190
1427  0.3240
1428  0.3310
1429  0.3240
1430  0.3190
1431  0.3220
1432  0.3300
1433  0.3300
1434  0.3230
1435  0.3260
1436  0.3250
1437  0.3270
1438  0.3250
1439  0.3280
1440  0.3060
1441  0.3210
1442  0.3130
1443  0.3180
1444  0.3190
1445  0.3170
1446  0.3200
1447  0.3170
1448  0.3190
1449  0.3190
1450  0.3170
1451  0.3150
1452  0.3100
1453  0.3140
1454  0.3140
1455  0.3090
1456  0.3080
1457  0.3110
1458  0.3150
1459  0.3170
1460  0.3120
1461  0.3120
1462  0.3090
1463  0.3070
1464  0.3070
1465  0.3110
1466  0.3040
1467  0.3120
1468  0.3050
1469  0.3090
1470  0.3080
1471  0.3020
1472  0.3030
1473  0.3040
1474  0.2940
1475  0.3010
1476  0.3010
1477  0.3020
1478  0.2980
1479  0.3020
1480  0.3040
1481  0.2990
1482  0.3020
1483  0.2950
1484  0.2980
1485  0.3040
1486  0.2990
1487  0.2980
1488  0.2610
1489  0.2980
1490  0.2980
1491  0.3010
1492  0.2940
1493  0.3000
1494  0.2990
1495  0.2970
1496  0.2880
1497  0.2940
1498  0.2970
1499  0.2920
1500  0.2960
1501  0.2960
1502  0.2940
1503  0.2640
1504  0.2750
1505  0.2740
1506  0.2770
1507  0.2900
1508  0.2850
1509  0.2860
1510  0.2910
1511  0.2920
1512  0.2870
1513  0.2860
1514  0.2820
1515  0.2880
1516  0.2850
1517  0.2830
1518  0.2880
1519  0.2840
1520  0.2860
1521  0.2800
1522  0.2780
1523  0.2850
1524  0.2830
1525  0.2770
1526  0.2850
1527  0.2820
1528  0.2840
1529  0.2830
1530  0.2650
1531  0.2830
1532  0.2810
1533  0.2800
1534  0.2760
1535  0.2760
1536  0.2800
1537  0.2800
1538  0.2720
1539  0.2780
1540  0.2680
1541  0.2730
1542  0.2750
1543  0.2740
1544  0.2770
1545  0.2770
1546  0.2760
1547  0.2730
1548  0.2650
1549  0.2720
1550  0.2700
1551  0.2690
1552  0.2730
1553  0.2720
1554  0.2620
1555  0.2660
1556  0.2610
1557  0.2690
1558  0.2670
1559  0.2670
1560  0.2630
1561  0.2690
1562  0.2690
1563  0.2650
1564  0.2610
1565  0.2660
1566  0.2600
1567  0.2620
1568  0.2590
1569  0.2620
1570  0.2570
1571  0.2640
1572  0.2640
1573  0.2600
1574  0.2590
1575  0.2400
1576  0.2580
1577  0.2330
1578  0.2550
1579  0.2550
1580  0.2590
1581  0.2580
1582  0.2510
1583  0.2530
1584  0.2500
1585  0.2560
1586  0.2530
1587  0.2500
1588  0.2460
1589  0.2250
1590  0.2420
1591  0.2370
1592  0.2490
1593  0.2550
1594  0.2530
1595  0.2550
1596  0.2390
1597  0.2490
1598  0.2550
1599  0.2470
1600  0.2520
1601  0.2420
1602  0.2480
1603  0.2460
1604  0.2490
1605  0.2450
1606  0.2440
1607  0.2450
1608  0.2480
1609  0.2470
1610  0.2310
1611  0.2380
1612  0.2390
1613  0.2440
1614  0.2410
1615  0.2450
1616  0.2290
1617  0.2350
1618  0.2430
1619  0.2420
1620  0.2350
1621  0.2320
1622  0.2370
1623  0.2420
1624  0.2440
1625  0.2370
1626  0.2400
1627  0.2400
1628  0.2420
1629  0.2420
1630  0.2350
1631  0.2390
1632  0.2390
1633  0.2360
1634  0.2310
1635  0.2370
1636  0.2360
1637  0.2260
1638  0.2240
1639  0.2220
1640  0.2240
1641  0.2230
1642  0.2220
1643  0.2280
1644  0.2240
1645  0.2250
1646  0.2280
1647  0.2300
1648  0.2290
1649  0.2240
1650  0.2290
1651  0.2240
1652  0.2280
1653  0.2260
1654  0.2280
1655  0.2240
1656  0.2280
1657  0.2260
1658  0.2270
1659  0.2230
1660  0.2260
1661  0.2270
1662  0.2250
1663  0.2240
1664  0.2230
1665  0.2210
1666  0.2200
1667  0.2210
1668  0.2180
1669  0.2180
1670  0.2220
1671  0.2210
1672  0.2100
1673  0.2160
1674  0.2170
1675  0.2150
1676  0.2120
1677  0.2130
1678  0.2140
1679  0.2110
1680  0.2040
1681  0.1970
1682  0.2020
1683  0.2070
1684  0.2110
1685  0.2120
1686  0.2090
1687  0.2110
1688  0.2110
1689  0.2080
1690  0.2090
1691  0.2110
1692  0.2120
1693  0.2110
1694  0.2110
1695  0.2110
1696  0.2100
1697  0.2080
1698  0.2100
1699  0.2080
1700  0.2060
1701  0.2060
1702  0.2050
1703  0.2010
1704  0.2050
1705  0.2060
1706  0.2040
1707  0.2040
1708  0.1980
1709  0.2020
1710  0.2040
1711  0.1880
1712  0.2020
1713  0.2030
1714  0.2030
1715  0.2030
1716  0.2020
1717  0.2000
1718  0.1990
1719  0.2010
1720  0.1970
1721  0.1950
1722  0.1990
1723  0.1900
1724  0.1930
1725  0.1950
1726  0.1960
1727  0.1950
1728  0.1910
1729  0.1950
1730  0.1950
1731  0.1930
1732  0.1920
1733  0.1800
1734  0.1830
1735  0.1860
1736  0.1770
1737  0.1750
1738  0.1840
1739  0.1860
1740  0.1880
1741  0.1840
1742  0.1890
1743  0.1870
1744  0.1900
1745  0.1840
1746  0.1860
1747  0.1810
1748  0.1880
1749  0.1860
1750  0.1860
1751  0.1830
1752  0.1850
1753  0.1860
1754  0.1860
1755  0.1840
1756  0.1860
1757  0.1860
1758  0.1840
1759  0.1840
1760  0.1840
1761  0.1820
1762  0.1780
1763  0.1810
1764  0.1800
1765  0.1830
1766  0.1820
1767  0.1820
1768  0.1790
1769  0.1810
1770  0.1780
1771  0.1790
1772  0.1800
1773  0.1800
1774  0.1800
1775  0.1780
1776  0.1770
1777  0.1750
1778  0.1740
1779  0.1750
1780  0.1760
1781  0.1770
1782  0.1740
1783  0.1740
1784  0.1740
1785  0.1730
1786  0.1740
1787  0.1760
1788  0.1750
1789  0.1740
1790  0.1730
1791  0.1740
1792  0.1720
1793  0.1720
1794  0.1700
1795  0.1710
1796  0.1710
1797  0.1690
1798  0.1700
1799  0.1710
1800  0.1700
1801  0.1670
1802  0.1660
1803  0.1660
1804  0.1690
1805  0.1690
1806  0.1680
1807  0.1670
1808  0.1660
1809  0.1670
1810  0.1660
1811  0.1660
1812  0.1650
1813  0.1650
1814  0.1640
1815  0.1610
1816  0.1590
1817  0.1530
1818  0.1440
1819  0.1540
1820  0.1580
1821  0.1590
1822  0.1580
1823  0.1550
1824  0.1620
1825  0.1600
1826  0.1610
1827  0.1610
1828  0.1610
1829  0.1560
1830  0.1600
1831  0.1600
1832  0.1600
1833  0.1540
1834  0.1600
1835  0.1580
1836  0.1580
1837  0.1580
1838  0.1530
1839  0.1580
1840  0.1540
1841  0.1580
1842  0.1550
1843  0.1500
1844  0.1550
1845  0.1550
1846  0.1560
1847  0.1470
1848  0.1510
1849  0.1540
1850  0.1550
1851  0.1550
1852  0.1540
1853  0.1500
1854  0.1530
1855  0.1530
1856  0.1470
1857  0.1530
1858  0.1520
1859  0.1500
1860  0.1480
1861  0.1490
1862  0.1480
1863  0.1480
1864  0.1480
1865  0.1490
1866  0.1460
1867  0.1440
1868  0.1450
1869  0.1480
1870  0.1470
1871  0.1460
1872  0.1440
1873  0.1390
1874  0.1390
1875  0.1270
1876  0.1180
1877  0.1370
1878  0.1400
1879  0.1430
1880  0.1400
1881  0.1440
1882  0.1430
1883  0.1440
1884  0.1430
1885  0.1420
1886  0.1370
1887  0.1440
1888  0.1420
1889  0.1420
1890  0.1370
1891  0.1430
1892  0.1380
1893  0.1340
1894  0.1410
1895  0.1370
1896  0.1350
1897  0.1350
1898  0.1380
1899  0.1360
1900  0.1390
1901  0.1400
1902  0.1400
1903  0.1380
1904  0.1370
1905  0.1380
1906  0.1390
1907  0.1390
1908  0.1360
1909  0.1380
1910  0.1380
1911  0.1370
1912  0.1330
1913  0.1370
1914  0.1370
1915  0.1360
1916  0.1350
1917  0.1360
1918  0.1350
1919  0.1350
1920  0.1300
1921  0.1350
1922  0.1350
1923  0.1330
1924  0.1350
1925  0.1330
1926  0.1340
1927  0.1320
1928  0.1310
1929  0.1270
1930  0.1320
1931  0.1280
1932  0.1310
1933  0.1270
1934  0.1310
1935  0.1290
1936  0.1310
1937  0.1310
1938  0.1310
1939  0.1250
1940  0.1270
1941  0.1290
1942  0.1280
1943  0.1240
1944  0.1170
1945  0.1100
1946  0.1160
1947  0.1230
1948  0.1250
1949  0.1260
1950  0.1240
1951  0.1200
1952  0.1240
1953  0.1270
1954  0.1270
1955  0.1270
1956  0.1260
1957  0.1260
1958  0.1270
1959  0.1260
1960  0.1250
1961  0.1250
1962  0.1230
1963  0.1210
1964  0.1210
1965  0.1240
1966  0.1210
1967  0.1240
1968  0.1240
1969  0.1230
1970  0.1240
1971  0.1230
1972  0.1220
1973  0.1170
1974  0.1200
1975  0.1220
1976  0.1220
1977  0.1210
1978  0.1150
1979  0.1220
1980  0.1180
1981  0.1190
1982  0.1200
1983  0.1200
1984  0.1190
1985  0.1190
1986  0.1170
1987  0.1170
1988  0.1200
1989  0.1200
1990  0.1190
1991  0.1190
1992  0.1180
1993  0.1150
1994  0.1160
1995  0.1180
1996  0.1180
1997  0.1160
1998  0.1140
1999  0.1170
2000  0.1170
2001  0.1170
2002  0.1170
2003  0.1140
2004  0.1140
2005  0.1160
2006  0.1130
2007  0.1160
2008  0.1160
2009  0.1150
2010  0.1150
2011  0.1150
2012  0.1150
2013  0.1150
2014  0.1130
2015  0.1140
2016  0.1140
2017  0.1130
2018  0.1140
2019  0.1130
2020  0.1120
2021  0.1080
2022  0.1120
2023  0.1120
2024  0.1120
2025  0.1110
2026  0.1120
2027  0.1110
2028  0.1110
2029  0.1090
2030  0.1080
2031  0.1080
2032  0.1100
2033  0.1100
2034  0.1100
2035  0.1060
2036  0.1090
2037  0.1100
2038  0.1040
2039  0.1080
2040  0.1090
2041  0.1090
2042  0.1080
2043  0.1080
2044  0.1080
2045  0.1080
2046  0.1080
2047  0.1070
2048  0.1070
2049  0.1080
2050  0.1070
2051  0.1060
2052  0.1060
2053  0.1050
2054  0.1050
2055  0.1060
2056  0.1060
2057  0.1060
2058  0.1050
2059  0.1050
2060  0.1050
2061  0.1020
2062  0.1050
2063  0.1050
2064  0.0983
2065  0.1040
2066  0.1040
2067  0.1040
2068  0.1030
2069  0.1040
2070  0.1000
2071  0.1030
2072  0.1020
2073  0.1030
2074  0.1030
2075  0.1030
2076  0.1020
2077  0.1020
2078  0.1020
2079  0.1000
2080  0.1010
2081  0.1000
2082  0.1010
2083  0.0992
2084  0.0993
2085  0.1000
2086  0.1000
2087  0.1000
2088  0.1000
2089  0.1000
2090  0.0997
2091  0.0989
2092  0.0952
2093  0.0981
2094  0.0991
2095  0.0956
2096  0.0984
2097  0.0979
2098  0.0978
2099  0.0977
2100  0.0979
2101  0.0972
2102  0.0979
2103  0.0964
2104  0.0975
2105  0.0974
2106  0.0974
2107  0.0971
2108  0.0969
2109  0.0964
2110  0.0942
2111  0.0964
2112  0.0960
2113  0.0956
2114  0.0959
2115  0.0957
2116  0.0951
2117  0.0927
2118  0.0948
2119  0.0952
2120  0.0929
2121  0.0945
2122  0.0936
2123  0.0937
2124  0.0918
2125  0.0938
2126  0.0937
2127  0.0921
2128  0.0935
2129  0.0933
2130  0.0927
2131  0.0932
2132  0.0931
2133  0.0928
2134  0.0925
2135  0.0925
2136  0.0891
2137  0.0921
2138  0.0921
2139  0.0916
2140  0.0916
2141  0.0917
2142  0.0914
2143  0.0909
2144  0.0911
2145  0.0902
2146  0.0895
2147  0.0904
2148  0.0905
2149  0.0902
2150  0.0901
2151  0.0899
2152  0.0897
2153  0.0889
2154  0.0891
2155  0.0891
2156  0.0891
2157  0.0888
2158  0.0887
2159  0.0883
2160  0.0879
2161  0.0878
2162  0.0867
2163  0.0866
2164  0.0854
2165  0.0824
2166  0.0740
2167  0.0808
2168  0.0834
2169  0.0856
2170  0.0853
2171  0.0861
2172  0.0858
2173  0.0861
2174  0.0858
2175  0.0860
2176  0.0854
2177  0.0848
2178  0.0854
2179  0.0823
2180  0.0857
2181  0.0855
2182  0.0850
2183  0.0829
2184  0.0848
2185  0.0850
2186  0.0848
2187  0.0847
2188  0.0826
2189  0.0820
2190  0.0830
2191  0.0842
2192  0.0840
2193  0.0839
2194  0.0837
2195  0.0834
2196  0.0835
2197  0.0831
2198  0.0833
2199  0.0831
2200  0.0828
2201  0.0826
2202  0.0825
2203  0.0825
2204  0.0825
2205  0.0823
2206  0.0791
2207  0.0781
2208  0.0811
2209  0.0794
2210  0.0816
2211  0.0815
2212  0.0812
2213  0.0812
2214  0.0809
2215  0.0809
2216  0.0802
2217  0.0791
2218  0.0802
2219  0.0804
2220  0.0803
2221  0.0801
2222  0.0798
2223  0.0798
2224  0.0796
2225  0.0794
2226  0.0780
2227  0.0782
2228  0.0784
2229  0.0791
2230  0.0785
2231  0.0786
2232  0.0786
2233  0.0786
2234  0.0785
2235  0.0783
2236  0.0780
2237  0.0780
2238  0.0774
2239  0.0757
2240  0.0768
2241  0.0776
2242  0.0774
2243  0.0763
2244  0.0768
2245  0.0770
2246  0.0769
2247  0.0768
2248  0.0749
2249  0.0764
2250  0.0761
2251  0.0760
2252  0.0761
2253  0.0755
2254  0.0736
2255  0.0755
2256  0.0750
2257  0.0750
2258  0.0752
2259  0.0753
2260  0.0750
2261  0.0746
2262  0.0747
2263  0.0720
2264  0.0747
2265  0.0743
2266  0.0734
2267  0.0741
2268  0.0741
2269  0.0740
2270  0.0737
2271  0.0730
2272  0.0737
2273  0.0737
2274  0.0735
2275  0.0724
2276  0.0732
2277  0.0732
2278  0.0731
2279  0.0729
2280  0.0726
2281  0.0693
2282  0.0715
2283  0.0717
2284  0.0717
2285  0.0715
2286  0.0718
2287  0.0719
2288  0.0716
2289  0.0716
2290  0.0716
2291  0.0711
2292  0.0714
2293  0.0713
2294  0.0680
2295  0.0698
2296  0.0696
2297  0.0684
2298  0.0699
2299  0.0700
2300  0.0698
2301  0.0697
2302  0.0700
2303  0.0698
2304  0.0695
2305  0.0695
2306  0.0695
2307  0.0693
2308  0.0693
2309  0.0689
2310  0.0688
2311  0.0690
2312  0.0687
2313  0.0690
2314  0.0686
2315  0.0675
2316  0.0685
2317  0.0678
2318  0.0677
2319  0.0674
2320  0.0680
2321  0.0680
2322  0.0680
2323  0.0640
2324  0.0658
2325  0.0663
2326  0.0650
2327  0.0663
2328  0.0667
2329  0.0664
2330  0.0663
2331  0.0660
2332  0.0663
2333  0.0662
2334  0.0661
2335  0.0651
2336  0.0656
2337  0.0660
2338  0.0656
2339  0.0639
2340  0.0657
2341  0.0658
2342  0.0658
2343  0.0655
2344  0.0653
2345  0.0652
2346  0.0653
2347  0.0649
2348  0.0648
2349  0.0652
2350  0.0647
2351  0.0646
2352  0.0636
2353  0.0610
2354  0.0626
2355  0.0633
2356  0.0631
2357  0.0626
2358  0.0626
2359  0.0635
2360  0.0635
2361  0.0630
2362  0.0631
2363  0.0630
2364  0.0632
2365  0.0630
2366  0.0631
2367  0.0631
2368  0.0628
2369  0.0622
2370  0.0617
2371  0.0624
2372  0.0624
2373  0.0622
2374  0.0592
2375  0.0612
2376  0.0622
2377  0.0620
2378  0.0618
2379  0.0620
2380  0.0618
2381  0.0616
2382  0.0618
2383  0.0588
2384  0.0587
2385  0.0592
2386  0.0596
2387  0.0587
2388  0.0603
2389  0.0601
2390  0.0605
2391  0.0604
2392  0.0603
2393  0.0596
2394  0.0604
2395  0.0598
2396  0.0598
2397  0.0601
2398  0.0597
2399  0.0598
2400  0.0593
2401  0.0594
2402  0.0597
2403  0.0593
2404  0.0592
2405  0.0596
2406  0.0587
2407  0.0590
2408  0.0591
2409  0.0589
2410  0.0589
2411  0.0590
2412  0.0589
2413  0.0587
2414  0.0566
2415  0.0566
2416  0.0545
2417  0.0569
2418  0.0574
2419  0.0578
2420  0.0572
2421  0.0577
2422  0.0575
2423  0.0571
2424  0.0573
2425  0.0567
2426  0.0574
2427  0.0568
2428  0.0568
2429  0.0572
2430  0.0568
2431  0.0567
2432  0.0571
2433  0.0570
2434  0.0558
2435  0.0552
2436  0.0567
2437  0.0564
2438  0.0550
2439  0.0565
2440  0.0564
2441  0.0558
2442  0.0561
2443  0.0561
2444  0.0558
2445  0.0560
2446  0.0544
2447  0.0545
2448  0.0544
2449  0.0544
2450  0.0548
2451  0.0539
2452  0.0539
2453  0.0547
2454  0.0545
2455  0.0540
2456  0.0539
2457  0.0521
2458  0.0543
2459  0.0546
2460  0.0543
2461  0.0542
2462  0.0544
2463  0.0541
2464  0.0544
2465  0.0540
2466  0.0536
2467  0.0539
2468  0.0539
2469  0.0537
2470  0.0514
2471  0.0535
2472  0.0533
2473  0.0533
2474  0.0524
2475  0.0535
2476  0.0529
2477  0.0536
2478  0.0534
2479  0.0513
2480  0.0520
2481  0.0513
2482  0.0517
2483  0.0503
2484  0.0526
2485  0.0524
2486  0.0520
2487  0.0494
2488  0.0520
2489  0.0520
2490  0.0523
2491  0.0518
2492  0.0520
2493  0.0512
2494  0.0520
2495  0.0514
2496  0.0511
2497  0.0515
2498  0.0511
2499  0.0514
2500  0.0512
2501  0.0513
2502  0.0516
2503  0.0511
2504  0.0507
2505  0.0512
2506  0.0511
2507  0.0508
2508  0.0500
2509  0.0498
2510  0.0498
2511  0.0501
2512  0.0501
2513  0.0501
2514  0.0500
2515  0.0497
2516  0.0503
2517  0.0498
2518  0.0490
2519  0.0499
2520  0.0498
2521  0.0499
2522  0.0497
2523  0.0496
2524  0.0494
2525  0.0496
2526  0.0495
2527  0.0491
2528  0.0493
2529  0.0492
2530  0.0492
2531  0.0493
2532  0.0493
2533  0.0488
2534  0.0491
2535  0.0485
2536  0.0487
2537  0.0482
2538  0.0488
2539  0.0479
2540  0.0479
2541  0.0481
2542  0.0461
2543  0.0479
2544  0.0480
2545  0.0483
2546  0.0483
2547  0.0470
2548  0.0473
2549  0.0480
2550  0.0476
2551  0.0470
2552  0.0475
2553  0.0468
2554  0.0476
2555  0.0474
2556  0.0469
2557  0.0461
2558  0.0472
2559  0.0472
2560  0.0463
2561  0.0468
2562  0.0467
2563  0.0469
2564  0.0468
2565  0.0461
2566  0.0464
2567  0.0453
2568  0.0467
2569  0.0462
2570  0.0462
2571  0.0462
2572  0.0464
2573  0.0463
2574  0.0460
2575  0.0459
2576  0.0464
2577  0.0463
2578  0.0457
2579  0.0461
2580  0.0458
2581  0.0456
2582  0.0450
2583  0.0449
2584  0.0446
2585  0.0441
2586  0.0424
2587  0.0454
2588  0.0452
2589  0.0451
2590  0.0449
2591  0.0450
2592  0.0451
2593  0.0441
2594  0.0449
2595  0.0447
2596  0.0448
2597  0.0440
2598  0.0447
2599  0.0447
2600  0.0439

